38
12 5 78 7 69 23 14 1 43 38 39 89 56 90 48 82 94 85 88 62 94 18 2 83 48 66 54 5 85 96 26 22 65 82 73 7 57 44
94 81 81 69 12 14 69 52 17 80 69 41 32 34 80 64 60 54 37 96 66 75 21 36 81 77 56 26 72 9 60 57 3 33 6 41 76 63
86 63 81 37 98 3 9 81 41 77 59 94 41 47 75 74 98 81 36 73 1 8 56 67 42 89 82 69 16 97 26 10 13 37 56 63 44 43
22 23 13 49 19 69 18 15 51 91 36 60 70 96 4 41 80 100 6 92 62 82 53 54 34 30 88 43 54 84 21 15 19 45 64 30 53 65
70 71 6 48 95 88 27 77 24 41 80 91 89 11 72 46 22 71 84 90 56 79 80 7 63 36 88 97 34 89 36 80 94 91 63 66 2 6
8 68 70 35 72 58 99 46 98 19 39 45 73 64 29 65 2 24 91 5 2 28 98 93 72 64 2 64 22 66 22 46 11 96 42 23 13 52
16 56 94 39 80 83 9 55 23 8 46 39 45 91 40 55 5 24 26 79 25 82 31 34 24 95 31 47 88 46 6 17 51 90 39 64 36 98
10 31 25 9 38 75 21 73 94 56 35 62 57 7 85 76 83 20 42 33 85 80 80 84 68 37 26 19 38 29 20 78 38 92 57 96 61 2
94 33 37 81 76 8 85 75 20 91 77 42 52 30 91 75 73 92 90 88 91 40 94 54 64 82 4 6 77 80 96 40 69 99 84 40 16 22
94 27 23 39 29 82 100 79 92 24 44 35 44 50 3 8 3 42 88 47 92 38 14 1 17 91 63 36 27 11 78 83 61 90 6 75 64 23
96 67 61 39 89 12 46 68 26 68 90 43 64 48 3 18 100 24 27 4 49 52 71 37 59 68 57 6 32 63 20 76 57 32 96 45 92 4
89 16 51 20 73 92 84 34 76 43 70 1 55 79 86 58 34 94 91 4 51 34 23 72 12 91 39 42 59 48 53 59 80 3 84 91 3 69
23 96 36 9 62 43 95 100 89 79 43 58 42 48 70 46 81 14 65 11 62 86 74 5 63 4 3 70 55 30 53 75 50 31 45 45 50 19
66 64 53 74 71 32 48 12 70 99 99 4 53 80 54 44 23 89 64 35 51 23 41 12 93 52 81 78 17 77 79 21 16 49 99 80 36 58
84 63 3 63 21 71 23 74 42 87 89 18 18 93 99 68 50 66 90 33 20 82 4 31 29 32 90 53 31 73 65 8 96 29 82 91 11 78
72 37 60 44 41 34 38 94 31 75 94 83 4 62 91 63 8 98 52 24 91 18 41 4 67 84 62 60 46 87 52 66 2 41 10 98 84 51
59 22 76 82 88 72 88 100 5 80 39 1 31 62 19 6 41 29 60 23 99 61 99 36 82 15 68 94 97 62 47 39 71 39 77 56 18 72
61 53 59 34 56 66 27 2 35 60 94 49 74 93 94 34 38 4 91 12 95 69 28 99 90 49 80 48 50 32 70 76 99 50 37 100 24 44
32 55 62 35 86 68 17 94 5 67 54 9 24 85 93 68 49 70 31 12 15 91 28 44 5 100 75 96 7 59 90 59 10 90 48 41 19 65
76 27 90 4 67 13 41 71 77 96 42 87 52 10 88 84 86 91 51 87 56 82 29 3 78 63 25 66 73 33 86 29 47 90 79 84 26 66
61 46 79 22 56 21 28 74 35 52 76 37 35 2 38 11 75 91 57 72 81 36 46 83 26 19 74 13 38 99 6 63 18 93 40 48 47 4
32 16 40 59 30 46 95 100 46 73 76 63 73 74 81 39 98 43 9 4 78 26 35 2 79 83 70 37 79 40 39 22 27 64 78 76 25 82
1 62 63 3 49 96 85 17 38 8 94 85 45 60 22 59 44 69 78 20 58 42 92 65 24 16 73 30 42 16 16 37 58 60 1 53 94 42
30 49 28 99 25 25 75 34 86 39 71 63 30 85 10 79 24 86 1 25 94 6 13 66 68 8 78 85 5 91 35 92 22 86 35 91 43 99
87 19 22 25 98 77 55 70 9 28 94 69 67 3 39 1 20 19 91 85 40 57 9 33 79 15 88 40 75 21 28 55 89 42 99 43 3 22
5 47 57 10 34 9 62 34 87 5 86 43 43 61 62 21 44 79 88 14 64 92 35 16 57 62 13 12 60 52 39 71 25 8 8 85 52 2
90 59 42 91 14 13 56 61 94 73 3 77 44 74 67 52 76 29 33 62 70 4 30 8 93 52 54 93 71 20 73 8 95 6 41 84 63 10
8 39 61 72 72 55 48 15 24 30 90 67 88 57 33 71 40 67 23 84 61 54 6 92 60 87 88 30 43 18 46 57 89 53 55 67 34 61
20 32 39 68 77 99 15 21 54 8 70 17 23 43 8 64 61 48 94 31 18 44 77 15 27 18 35 21 72 93 65 55 67 94 65 76 1 13
1 52 77 80 44 78 90 62 86 73 35 45 62 64 5 47 89 9 58 31 24 65 75 47 38 82 19 12 93 92 33 24 62 92 62 31 99 70
92 1 80 18 18 15 96 42 37 68 29 54 10 74 82 4 70 17 84 68 86 3 31 58 82 68 11 67 88 72 78 46 65 39 72 48 16 93
12 58 6 54 72 81 41 31 76 21 91 78 99 87 5 90 32 45 89 11 19 20 60 28 10 20 80 17 1 97 54 59 31 94 7 50 55 73
61 95 55 34 47 30 72 29 60 42 22 89 67 34 86 71 30 62 61 9 83 63 7 79 80 98 88 39 70 84 41 96 67 34 10 58 18 35
54 36 59 94 44 94 67 52 41 95 38 75 13 98 52 96 18 93 93 38 31 14 97 11 90 29 10 87 45 41 83 70 21 94 93 63 15 28
8 95 6 14 12 14 94 65 4 96 63 82 47 10 49 69 25 12 55 36 28 34 41 63 28 78 18 41 43 1 1 59 77 55 36 31 32 96
38 24 23 28 30 12 12 55 81 54 94 22 86 29 44 1 56 72 71 53 76 32 41 35 41 87 35 49 40 66 97 13 63 53 32 88 65 58
49 57 71 51 83 2 94 100 33 45 32 76 5 51 27 67 39 2 24 44 42 81 96 19 60 64 29 30 89 55 14 80 70 67 80 78 38 3
16 93 24 73 49 24 54 49 96 98 9 9 12 94 66 82 3 11 29 57 6 66 24 70 16 54 6 85 79 46 41 34 86 1 69 95 34 86
