49
82 33 57 11 73 83 2 7 36 61 72 28 38 44 69 34 96 72 4 43 12 80 35 13 94 31 62 35 59 27 7 92 44 89 28 20 85 25 94 36 25 95 83 68 28 6 47 87 90
41 38 51 60 79 57 78 4 43 1 12 26 44 96 17 16 5 7 69 42 36 99 26 14 24 13 19 58 97 40 87 95 47 44 23 12 81 56 59 48 71 91 74 28 14 55 97 73 51
42 42 47 26 14 25 30 96 4 95 94 68 88 41 80 42 26 35 61 1 8 22 93 94 18 18 4 44 94 40 12 26 29 79 49 51 93 45 55 24 54 37 48 47 27 62 5 39 72
87 6 100 57 29 68 52 20 92 67 18 47 94 88 22 13 68 100 45 98 2 29 43 5 69 69 42 97 63 21 45 19 26 20 85 75 85 60 50 15 96 4 33 52 38 15 64 52 20
91 18 84 19 85 53 87 70 49 38 98 25 69 28 49 94 83 72 70 94 78 15 5 85 44 96 12 94 93 99 91 100 91 94 75 50 75 15 74 70 19 66 34 39 12 53 64 9 50
89 46 32 21 7 72 69 22 59 58 48 83 39 23 24 7 7 90 57 46 52 24 19 51 98 37 92 7 11 14 52 81 45 44 42 46 79 50 6 15 86 28 25 5 57 18 28 56 3
87 69 99 80 12 90 59 91 76 11 33 90 97 51 13 23 30 73 37 78 54 77 71 86 53 52 98 52 2 36 94 73 17 17 29 12 26 39 97 40 45 57 27 3 59 89 22 87 9
78 29 80 48 50 81 46 29 63 27 20 78 92 48 86 32 7 85 55 70 10 57 22 46 66 17 61 98 36 91 78 50 6 87 89 76 44 78 31 88 56 83 54 1 55 90 89 16 9
11 41 100 98 8 55 5 38 86 100 93 14 13 83 84 52 30 38 34 1 65 84 58 69 11 69 9 42 33 38 85 100 2 70 84 57 93 41 88 13 11 21 36 64 16 98 78 75 35
54 34 79 87 25 35 76 50 13 85 25 93 5 23 56 14 63 74 85 61 23 54 98 23 51 38 18 7 32 98 6 37 58 100 91 99 86 48 85 93 26 97 56 29 39 43 29 96 43
38 7 68 54 94 6 47 10 25 55 66 40 7 10 93 100 76 37 62 48 19 14 28 13 97 10 42 31 91 35 16 87 24 67 45 37 38 17 94 50 72 45 78 86 1 91 86 26 19
69 7 30 9 42 26 37 81 17 71 85 48 29 37 5 1 24 65 12 41 51 5 84 67 42 71 46 7 89 57 8 67 58 79 100 75 56 92 91 33 59 97 18 91 68 8 35 47 63
3 40 27 96 7 15 51 87 80 77 23 80 2 13 77 65 58 71 39 13 45 62 81 1 44 57 62 48 40 9 91 53 80 19 20 8 85 48 78 76 14 10 72 43 40 37 22 2 35
30 59 37 70 98 5 99 3 6 39 33 66 17 82 80 24 28 72 14 83 41 17 89 20 90 14 60 52 72 84 65 39 13 85 60 2 75 34 60 15 50 96 23 42 17 78 53 66 92
39 11 68 56 88 25 23 40 42 49 5 35 69 42 73 69 75 77 38 34 42 46 19 16 75 53 47 57 25 67 82 45 41 35 97 77 28 6 19 92 42 66 92 72 60 1 18 17 44
25 65 6 58 3 67 76 47 33 90 47 46 4 53 2 27 54 85 50 51 6 47 26 71 37 96 94 24 33 57 97 11 77 93 51 91 96 53 51 16 37 62 61 85 30 35 51 83 7
37 85 91 18 83 67 17 89 26 2 11 51 83 22 94 39 55 94 96 81 39 68 21 46 84 66 97 34 91 33 90 40 84 18 30 54 80 14 1 53 46 62 52 19 64 14 8 55 77
18 12 30 65 67 32 43 99 23 56 88 58 59 65 63 11 47 66 81 66 47 41 98 43 65 95 85 71 16 1 7 7 3 97 34 12 68 16 46 76 55 49 20 80 89 22 93 98 98
10 53 72 59 23 60 98 100 100 21 21 37 85 13 16 54 86 42 100 68 9 45 70 82 80 9 8 60 7 50 76 27 25 8 75 85 29 47 46 82 15 50 69 39 8 94 5 6 98
18 56 42 44 34 98 80 37 56 34 55 31 53 5 80 89 71 55 73 77 2 16 87 32 81 76 61 15 39 58 91 39 82 48 43 19 71 32 62 20 82 91 34 73 64 3 3 29 22
99 48 46 7 23 87 95 78 45 84 48 41 86 65 24 38 54 69 31 56 67 59 13 57 19 2 43 77 7 3 85 24 71 13 51 76 12 51 96 89 21 2 84 99 93 49 85 46 88
63 44 59 60 72 17 73 33 42 84 89 16 77 17 99 40 84 6 98 47 70 76 18 88 21 31 43 36 90 74 81 74 78 87 82 86 23 46 80 86 14 36 36 84 87 97 49 86 53
22 61 83 37 89 20 37 93 66 79 99 97 87 12 77 48 22 3 46 3 65 40 73 58 71 21 55 60 81 99 92 61 11 92 68 34 76 37 100 76 91 77 57 73 4 87 68 16 43
96 67 57 87 38 99 27 65 86 66 9 41 61 15 55 13 53 39 7 26 31 50 80 80 14 39 18 22 46 92 70 40 9 66 63 74 82 71 48 54 9 9 16 30 67 90 64 72 42
60 32 73 15 67 89 71 69 100 56 51 45 37 79 7 28 14 24 72 28 74 62 74 35 3 88 18 64 54 27 96 96 14 7 71 60 6 97 34 24 53 80 20 27 94 86 66 72 45
8 72 88 100 20 97 16 53 93 54 58 91 60 58 87 10 66 87 20 60 14 36 29 2 69 70 57 32 79 75 96 44 75 17 25 12 86 23 72 58 96 75 39 84 59 96 23 84 32
4 33 1 91 81 9 6 3 59 19 58 62 21 29 57 14 33 93 83 68 21 59 75 88 95 84 65 65 15 47 91 26 56 64 68 93 32 20 81 19 29 49 21 80 92 67 88 9 27
26 60 19 21 36 15 57 48 57 35 61 52 9 79 95 90 25 77 95 91 90 73 20 2 3 45 24 40 10 28 38 87 17 28 70 24 100 15 16 45 37 70 79 77 59 53 47 38 16
89 17 89 83 75 34 16 57 57 63 17 25 30 43 85 73 50 97 27 83 3 76 17 66 53 60 56 18 45 55 44 25 100 23 22 34 14 18 94 74 61 76 75 86 2 23 9 96 27
21 92 89 30 73 78 94 9 55 23 77 38 17 4 91 13 90 54 80 100 23 3 3 70 55 30 35 39 75 27 64 35 73 49 54 4 8 19 34 38 96 80 62 45 60 62 8 77 73
46 93 73 29 97 12 36 36 30 17 33 57 59 50 21 97 25 21 27 7 84 46 75 92 89 39 65 5 78 54 43 5 24 53 26 12 43 25 50 36 91 47 29 56 5 42 10 82 80
3 84 93 33 13 100 62 48 6 91 70 60 29 40 29 81 72 79 41 57 49 45 46 26 11 99 17 81 16 65 27 73 80 94 83 6 37 34 6 88 33 39 66 65 19 100 33 9 97
39 79 39 46 60 70 45 63 70 50 19 68 59 44 62 4 91 87 27 4 5 1 69 24 48 97 67 31 66 53 1 18 74 87 69 98 80 25 29 61 59 26 68 13 35 53 70 63 71
12 36 91 12 65 51 61 46 68 55 88 18 66 43 89 74 16 80 38 89 70 87 31 10 41 22 20 82 27 21 12 55 94 85 58 100 37 30 51 58 6 66 35 50 95 93 71 20 18
14 54 18 78 61 6 54 92 63 77 55 73 35 17 51 94 46 53 48 22 62 45 60 67 86 40 19 8 69 55 51 33 100 21 36 99 93 17 83 30 17 60 59 84 100 36 58 71 72
43 81 78 7 96 87 4 53 19 36 86 29 79 61 2 50 65 86 27 58 38 42 39 94 97 34 94 69 74 36 10 97 82 62 40 85 24 100 32 50 43 7 51 88 41 70 24 89 68
84 1 59 7 39 64 21 67 59 86 24 30 99 57 71 76 97 84 89 20 47 91 76 70 20 42 98 46 55 59 59 95 92 42 38 1 33 76 37 39 59 81 86 14 85 54 28 86 27
71 37 82 71 50 49 78 100 36 74 38 52 32 18 34 72 77 30 32 45 43 68 1 29 17 35 100 58 41 82 24 42 32 50 40 100 76 100 64 46 27 2 25 84 90 36 25 96 46
71 84 18 93 53 25 74 41 56 69 71 44 31 57 66 15 81 59 59 25 9 12 68 18 29 91 100 81 71 91 13 1 65 76 85 83 12 7 69 45 27 37 67 93 89 39 66 13 48
47 60 53 72 57 11 58 67 51 71 46 26 49 75 75 44 30 37 64 17 59 35 2 62 56 16 75 83 40 83 25 1 76 38 77 1 25 65 38 96 26 30 52 89 95 45 7 76 72
91 85 20 80 96 59 8 46 75 39 57 21 33 67 23 58 54 72 56 90 26 30 29 40 28 95 91 49 55 18 93 31 19 49 57 91 83 44 40 2 94 28 70 94 34 32 93 36 27
43 81 17 62 18 8 21 46 67 22 83 83 7 92 71 16 96 44 64 72 93 36 18 13 82 68 22 53 23 29 31 30 25 100 54 52 95 42 65 84 21 45 89 78 14 3 59 3 54
50 59 76 91 39 24 96 2 6 59 24 88 42 27 31 10 21 36 44 32 75 3 1 72 76 10 31 95 23 37 91 16 53 55 83 34 89 56 61 46 24 43 60 88 44 48 85 90 69
89 99 81 80 8 14 61 48 47 72 83 45 43 49 37 54 50 89 24 26 52 91 40 47 63 76 25 79 86 4 82 78 51 49 71 95 17 30 27 39 16 73 53 63 22 68 29 66 30
60 83 90 87 20 36 41 67 33 86 23 4 62 97 42 51 33 73 62 71 14 66 46 21 11 29 71 22 97 5 15 100 11 70 53 36 72 45 31 83 62 96 52 67 84 11 59 73 96
7 15 53 85 6 13 22 42 76 91 26 12 68 83 84 88 94 51 80 69 75 85 30 36 61 6 12 93 25 51 17 61 2 60 10 24 68 1 26 57 41 49 56 8 50 92 61 83 37
20 71 80 26 20 10 2 32 25 8 26 2 84 70 89 65 64 25 35 71 52 98 25 12 68 66 41 80 56 29 62 33 28 61 40 67 38 49 49 5 49 66 22 34 76 42 15 48 63
55 77 55 59 22 85 89 67 17 57 81 30 38 30 90 44 5 2 85 21 88 37 53 83 29 67 73 94 59 80 84 88 24 98 97 95 2 54 21 4 73 21 33 54 25 34 58 66 33
81 68 67 91 69 27 29 80 45 4 50 34 4 11 41 28 11 28 83 94 88 64 62 66 100 52 19 82 59 4 59 39 79 65 58 73 22 23 57 68 61 99 44 35 42 20 53 63 12
