50
90 74 5 27 14 65 21 89 34 4 82 71 62 34 36 34 15 96 49 57 60 88 65 28 8 84 27 76 70 29 19 35 36 59 99 16 24 86 78 1 26 57 37 39 29 19 20 50 4 47
53 10 12 60 62 40 49 9 77 61 16 25 15 92 71 46 10 58 35 3 52 19 61 55 56 78 68 24 19 61 98 69 25 39 17 87 97 74 84 74 2 29 62 74 32 76 42 20 74 37
48 39 65 71 50 94 17 40 91 79 83 57 96 20 83 17 88 22 66 34 93 64 14 99 79 17 9 69 37 44 91 76 86 78 20 4 46 8 2 41 97 3 3 8 39 38 77 16 92 80
13 7 66 1 93 56 32 89 30 69 49 94 29 100 66 100 37 16 73 15 89 5 79 81 26 39 74 35 93 15 26 5 2 74 64 59 51 92 41 18 30 29 82 54 85 5 60 14 17 29
30 7 56 55 52 88 78 98 58 37 41 27 73 1 5 27 26 54 65 99 17 64 95 20 43 25 57 23 31 55 78 80 57 22 46 88 24 96 34 81 19 14 71 37 74 37 51 18 26 13
77 9 28 12 92 36 49 82 10 54 32 20 53 96 4 10 67 69 25 74 86 75 28 49 30 27 97 40 78 83 16 8 96 21 67 77 69 19 23 13 4 37 74 67 90 91 88 34 94 63
9 48 6 49 93 3 94 57 61 98 43 41 21 55 95 36 18 36 90 2 30 83 68 81 26 18 54 27 8 31 69 45 88 9 19 31 4 11 43 85 50 64 87 6 41 51 16 62 52 56
4 69 42 35 96 62 79 89 91 94 30 20 63 54 31 74 59 29 46 57 85 42 33 17 60 68 79 67 29 75 38 5 5 92 70 93 14 28 18 86 99 26 66 97 48 1 98 25 83 43
58 69 28 23 6 30 4 44 52 23 72 87 59 75 70 95 67 22 80 95 15 83 84 15 65 66 29 99 72 65 91 89 42 20 48 1 52 5 1 70 11 48 15 78 64 23 96 53 60 1
84 18 1 80 12 75 19 84 4 32 62 66 4 2 46 61 85 12 84 72 53 65 53 17 61 35 57 96 89 32 49 86 49 55 96 35 53 69 27 10 46 88 63 25 20 43 91 85 44 31
34 90 11 38 13 46 9 47 61 6 42 14 76 46 63 96 81 6 37 80 25 21 87 54 68 33 57 20 73 34 95 4 57 80 6 50 32 35 61 70 29 94 64 36 23 92 14 74 24 8
67 81 63 67 28 60 20 10 77 29 59 26 43 45 69 53 88 15 62 93 16 100 68 59 42 21 46 48 53 84 84 90 35 28 26 50 31 32 24 5 98 53 94 57 25 71 43 53 20 97
58 71 70 100 78 29 47 47 74 82 34 100 82 23 45 96 41 78 98 39 40 93 15 30 61 69 71 38 75 53 14 54 53 70 23 72 49 97 37 40 79 11 9 92 22 7 17 87 78 69
87 13 87 46 71 14 49 80 87 2 84 15 66 24 18 65 3 86 59 46 79 85 36 90 92 37 3 75 87 79 9 57 32 29 37 28 96 14 57 90 36 91 79 69 20 1 66 44 70 83
12 56 25 82 65 92 100 11 49 81 7 77 87 85 24 29 28 36 33 26 26 37 49 32 63 3 68 95 48 71 21 7 37 67 11 23 60 27 45 98 6 47 45 37 100 10 90 55 45 58
6 98 32 79 24 62 61 32 87 75 93 27 78 2 86 52 84 79 19 26 43 50 75 53 17 35 47 63 56 92 71 8 91 65 30 79 92 17 89 36 31 92 68 31 2 87 34 74 47 16
82 90 7 86 54 74 56 67 97 88 81 56 44 100 44 16 80 14 13 69 18 19 77 20 82 19 18 79 81 58 77 44 30 37 11 31 59 14 8 80 97 10 53 2 56 73 5 59 84 39
15 94 12 50 78 81 83 68 80 70 85 91 7 68 50 58 69 49 34 37 71 79 64 28 96 88 64 63 94 54 15 86 58 3 92 24 40 24 94 69 78 84 91 21 49 40 7 61 55 100
10 4 55 16 94 22 98 40 8 31 48 49 92 99 66 81 38 33 81 77 44 22 66 85 74 60 31 35 37 95 11 20 11 70 90 35 86 48 79 91 55 68 53 12 69 3 99 81 17 94
39 96 72 8 98 36 28 45 30 47 47 86 11 12 18 15 18 64 80 75 91 5 30 95 78 62 10 97 45 20 90 22 64 80 23 50 57 75 5 75 4 90 90 45 61 50 3 20 33 14
93 18 55 54 48 22 40 40 20 26 60 93 5 57 23 59 80 84 30 4 50 46 63 29 89 85 32 44 61 55 42 91 13 33 53 10 14 27 37 6 11 80 33 63 37 4 31 39 4 91
99 100 63 47 97 20 77 72 96 39 77 23 68 77 35 57 66 16 23 14 87 8 34 61 82 57 50 26 54 53 63 30 47 39 35 61 12 67 94 45 21 18 94 49 85 17 32 37 47 85
32 77 85 9 50 17 61 12 33 83 39 85 60 69 90 36 83 68 30 29 19 57 11 3 81 27 48 34 80 33 6 33 48 14 10 31 58 2 20 32 98 27 82 70 80 92 72 9 46 41
89 56 72 71 98 80 29 4 25 46 30 50 25 80 41 8 92 12 99 90 13 25 16 11 27 34 10 24 41 12 53 14 8 42 14 95 82 74 51 97 72 15 6 35 82 14 68 80 42 45
20 25 50 98 48 42 70 83 79 4 41 34 23 86 23 76 81 17 31 17 55 45 89 30 77 48 55 58 47 69 20 42 78 1 85 37 9 93 51 50 90 81 17 3 5 46 18 61 48 66
73 5 36 84 29 31 83 30 55 77 50 83 34 67 69 20 29 52 76 62 98 51 20 13 11 82 31 16 25 59 100 21 41 74 83 78 22 42 3 28 22 35 41 54 8 7 96 33 62 68
81 47 52 86 53 42 64 5 28 7 96 44 56 66 61 27 71 20 17 43 58 70 32 100 74 79 50 31 35 65 96 73 47 4 99 78 48 52 85 6 45 32 59 17 85 70 62 41 69 29
47 97 11 97 24 76 28 13 48 67 40 87 75 58 86 48 48 36 37 69 12 26 21 57 62 94 23 76 5 25 4 21 90 93 31 91 40 2 5 41 74 23 32 83 7 21 72 59 20 56
25 35 19 73 57 85 1 47 49 4 16 60 57 73 75 35 93 18 16 60 65 10 48 31 14 14 4 92 30 45 17 86 28 34 40 95 40 5 88 68 16 23 85 97 36 88 15 47 50 82
22 92 26 92 7 43 24 18 38 76 15 7 25 94 97 28 49 71 47 43 84 64 83 44 71 22 72 98 69 41 58 2 27 19 25 23 1 26 42 45 49 77 32 75 79 68 61 91 13 55
18 78 95 69 50 23 29 61 17 68 44 48 16 42 67 24 65 68 31 73 57 27 77 3 20 44 94 47 24 78 99 33 76 58 83 97 63 61 81 4 21 49 2 85 29 42 10 1 99 18
46 28 97 35 27 97 33 95 72 28 93 50 9 98 73 20 86 53 32 37 14 48 49 61 14 56 76 23 89 72 74 61 13 51 29 21 33 45 19 14 92 23 52 18 74 78 86 31 62 92
49 75 80 29 64 80 4 53 46 84 34 71 92 10 43 61 97 81 100 93 51 40 54 68 90 66 26 36 11 55 82 92 43 43 67 78 48 83 8 84 98 97 11 60 81 8 34 60 87 56
29 98 57 46 34 47 75 95 61 42 71 49 33 47 18 90 23 4 41 69 82 49 1 87 14 75 26 27 65 70 53 1 87 15 24 31 96 67 42 79 43 30 15 95 85 74 85 7 100 16
44 35 62 27 31 17 41 90 71 99 95 100 27 76 5 42 97 19 84 57 72 8 32 77 11 44 25 9 28 31 78 24 13 72 32 91 35 63 19 79 11 85 70 46 82 93 17 5 75 2
22 61 84 14 57 23 54 33 85 72 9 9 74 76 59 100 60 61 38 82 7 56 39 40 13 56 98 73 18 6 83 29 54 11 39 40 76 83 96 68 49 6 57 1 66 94 86 63 30 17
71 73 31 99 34 81 100 65 26 80 39 47 73 43 5 63 37 42 14 75 14 44 17 41 83 43 67 96 24 74 39 50 70 80 50 29 1 87 87 62 94 56 74 68 48 53 45 52 53 20
96 49 40 90 1 55 97 52 22 76 22 68 69 46 17 59 20 97 36 62 15 55 71 91 86 79 72 57 31 72 35 55 44 30 97 24 1 17 91 23 73 24 23 9 49 3 62 47 29 65
22 10 2 4 65 16 99 26 35 53 36 1 9 66 48 42 2 28 61 83 58 92 98 40 93 26 92 14 97 19 1 23 71 92 85 57 60 12 73 23 46 65 10 72 68 57 94 81 90 14
10 24 2 44 71 58 56 38 92 83 91 68 88 36 16 99 20 14 75 97 65 24 8 75 91 100 19 41 4 46 58 17 58 38 66 74 98 49 25 61 27 41 20 29 42 72 49 51 40 30
10 41 65 50 47 1 30 59 3 9 61 7 94 73 30 35 67 54 54 52 40 76 88 2 95 14 84 35 49 29 27 10 2 56 62 24 79 14 26 39 43 61 84 66 5 42 35 16 96 36
43 76 28 18 50 64 41 15 96 28 25 72 83 50 63 65 44 12 13 87 29 17 97 13 91 32 28 13 31 69 54 49 100 1 42 55 71 52 53 69 27 97 37 52 22 94 44 36 32 40
44 83 70 25 29 90 29 84 86 37 24 66 77 1 31 79 25 52 22 70 36 55 94 88 72 34 42 77 73 49 76 13 98 94 97 79 49 63 46 68 27 26 1 66 80 42 71 25 78 27
59 46 65 69 43 82 74 9 22 17 16 61 30 67 84 9 6 51 70 45 90 70 93 20 33 83 83 70 20 33 93 3 18 27 61 12 88 99 12 33 57 20 47 11 76 10 40 74 73 60
82 31 41 44 46 88 10 15 47 28 78 57 49 89 87 47 48 67 7 26 10 55 25 79 46 75 64 86 94 4 62 19 13 89 75 44 38 94 63 15 40 68 10 62 22 63 66 56 25 94
46 25 19 86 53 6 38 49 9 6 62 100 13 92 99 71 73 67 50 60 44 86 5 55 82 79 5 92 7 63 32 66 80 22 12 30 49 65 50 70 90 55 18 64 54 59 51 38 73 40
82 76 89 90 59 64 55 10 22 8 43 59 50 97 17 50 84 87 5 43 20 18 57 53 65 23 58 56 85 61 52 65 61 85 10 69 25 52 26 26 80 68 56 58 35 18 1 41 24 54
93 9 57 87 17 24 89 33 47 75 62 24 19 76 35 68 7 56 32 81 57 34 84 27 75 90 47 66 4 3 12 86 37 24 47 15 18 92 39 47 94 87 78 88 44 82 46 23 92 35
88 97 73 79 57 34 49 9 56 59 98 39 15 68 41 29 82 85 68 52 18 8 88 57 8 28 69 23 91 20 30 78 4 56 35 9 84 63 72 85 5 92 55 98 93 46 58 91 26 26
75 73 54 92 63 65 65 60 28 79 93 83 63 41 64 56 34 39 37 20 90 10 76 42 79 57 63 95 58 93 53 40 47 55 33 100 73 79 36 81 95 97 62 3 52 67 98 43 93 59
