47
72 61 30 29 23 6 1 1 48 58 38 78 50 93 70 65 63 53 22 82 66 69 98 34 92 42 22 3 72 2 23 3 12 31 8 30 1 4 49 2 39 27 83 87 45 83 26
82 5 18 99 38 67 85 3 38 98 87 56 58 80 16 60 48 63 87 63 80 84 42 60 91 23 79 40 9 3 54 3 9 79 70 75 81 81 77 2 58 94 65 70 9 78 23
98 87 41 73 96 98 91 82 57 12 88 16 37 79 7 11 80 94 100 88 60 95 83 44 23 1 11 30 55 44 90 75 37 79 27 41 35 65 54 93 37 4 83 81 90 73 21
56 42 8 44 36 22 35 93 50 32 100 13 88 21 96 85 24 12 41 24 66 20 80 13 72 68 91 50 5 2 77 86 91 9 47 15 62 15 33 43 27 95 10 56 94 62 33
9 22 65 48 36 34 82 41 25 13 50 62 28 2 30 45 21 82 41 33 78 26 45 63 10 3 50 44 93 47 63 34 57 17 34 65 59 49 6 24 20 82 23 89 14 63 82
77 90 63 29 39 28 72 74 66 81 38 71 73 72 5 92 83 94 25 68 48 18 61 61 14 77 38 62 39 70 68 54 78 2 96 39 36 86 92 12 33 89 97 98 26 63 31
5 74 38 62 79 76 64 3 100 99 81 72 44 1 83 73 94 59 43 15 1 82 66 30 92 54 76 34 17 55 72 77 41 72 80 72 54 86 46 95 70 10 2 46 53 90 74
54 37 78 16 15 88 57 19 10 1 65 68 78 7 67 30 75 98 84 92 4 15 73 70 33 98 52 83 51 5 11 50 67 4 56 58 24 4 70 78 5 45 75 29 18 87 63
30 73 90 92 23 32 84 22 42 66 99 36 81 43 56 91 87 84 72 99 95 70 60 85 49 69 14 32 5 44 82 34 22 67 50 48 100 38 90 8 62 56 42 15 95 78 61
83 17 93 66 47 90 45 34 53 91 8 89 59 54 46 84 93 92 38 34 17 95 92 29 64 52 17 15 49 37 44 18 63 5 66 1 16 24 9 76 87 28 40 66 53 8 42
52 79 16 12 81 35 25 40 4 14 2 7 62 5 67 61 21 98 42 88 12 60 84 86 3 90 49 3 65 17 49 22 24 21 96 66 53 77 17 21 17 37 96 40 75 23 18
17 3 13 12 93 18 82 70 32 39 87 97 79 89 96 99 69 30 7 3 29 96 96 11 6 42 5 44 39 1 20 37 29 4 55 96 98 92 80 62 4 8 29 80 38 64 9
29 67 11 76 94 71 79 47 60 69 56 15 84 79 78 84 17 79 27 97 69 4 30 3 17 20 5 89 70 27 32 49 52 35 7 32 27 54 86 31 22 81 71 19 51 18 24
10 24 20 17 34 35 26 44 34 2 37 27 99 32 78 26 16 27 87 30 100 52 48 25 51 44 10 3 92 74 95 80 3 76 65 87 87 91 59 66 1 65 72 43 14 90 71
94 49 22 6 60 28 16 43 87 24 7 92 71 3 8 98 5 75 65 28 51 68 32 85 15 38 63 11 23 78 98 70 7 65 89 4 16 87 56 10 86 70 9 27 33 76 5
31 81 8 93 91 29 76 10 99 32 83 31 36 7 65 6 19 23 83 85 93 83 78 10 1 88 80 25 83 79 26 45 46 74 29 10 65 79 72 42 76 9 52 85 66 41 32
25 46 84 100 81 22 21 17 41 83 78 59 8 24 38 25 69 79 37 4 44 25 56 35 71 46 90 2 50 12 3 98 91 59 19 19 62 97 54 51 6 78 27 14 56 14 10
71 80 82 42 6 97 85 55 42 37 84 43 60 29 24 10 37 73 18 44 17 87 95 14 48 92 49 29 62 47 86 94 81 43 52 49 82 87 52 77 88 72 46 15 32 38 81
50 49 98 63 63 45 96 92 100 33 79 80 94 26 33 34 96 69 13 39 38 53 77 2 54 94 73 72 15 59 69 95 11 91 55 19 63 29 69 97 14 58 75 35 87 39 80
52 58 3 14 8 72 82 4 39 25 39 95 87 68 27 95 42 53 75 62 56 21 98 39 12 30 94 21 95 92 5 98 66 89 7 26 4 4 38 87 71 32 60 23 93 47 28
31 66 71 72 33 96 65 94 45 47 57 74 12 54 49 35 79 38 5 32 58 57 74 64 54 2 49 81 35 11 87 94 6 43 99 79 40 41 43 97 35 36 38 18 9 25 46
81 17 90 22 50 17 45 38 9 45 36 93 21 41 9 71 63 91 13 3 11 85 13 91 94 10 17 59 72 34 68 94 73 30 48 59 26 67 26 8 33 81 9 80 53 9 76
2 86 70 16 92 81 66 10 61 46 40 93 2 75 37 92 59 8 70 67 9 16 36 78 83 67 89 89 62 8 69 74 5 81 39 24 37 52 75 50 96 57 80 32 56 17 62
55 55 97 39 2 64 63 81 60 12 16 45 45 99 43 79 57 88 77 39 78 52 85 62 100 89 66 27 97 81 83 47 99 19 86 51 7 20 4 86 76 67 59 70 7 46 69
27 19 83 77 21 76 51 60 45 8 56 25 55 58 69 48 62 79 74 99 61 69 77 98 25 49 4 17 59 76 68 91 59 78 6 21 13 92 51 48 31 2 61 91 51 78 20
45 35 34 66 33 74 40 71 98 44 53 35 17 57 49 65 37 53 61 24 31 92 24 8 45 25 30 28 96 16 53 33 29 20 18 53 92 1 36 73 75 74 7 56 96 50 20
5 90 81 47 94 93 9 74 10 73 26 88 92 43 89 15 45 13 7 66 20 51 34 9 60 98 80 47 50 94 36 55 27 58 5 66 60 7 96 40 53 6 94 84 50 13 94
57 64 68 71 66 35 98 45 40 76 87 84 25 86 26 94 13 73 43 23 25 82 78 94 56 100 80 85 46 46 25 95 5 34 23 25 17 54 91 47 75 5 21 9 42 20 84
77 86 21 66 54 16 44 85 58 85 16 20 48 82 16 72 37 20 67 62 100 37 84 95 99 63 62 73 32 80 96 98 20 1 20 74 51 15 45 18 52 55 73 41 94 16 8
90 43 94 46 60 64 58 23 21 5 48 5 2 63 40 9 73 99 84 54 73 24 46 42 98 52 62 43 84 63 89 97 86 45 52 25 17 41 26 49 11 50 11 24 93 73 67
9 20 71 90 11 91 80 13 76 31 83 33 2 45 56 55 9 40 56 80 26 27 52 6 99 57 25 26 12 21 26 59 62 93 70 75 14 45 52 4 40 57 40 62 29 11 36
20 54 14 99 4 42 100 12 78 25 20 70 3 33 55 83 94 57 16 43 27 93 15 38 24 49 60 4 9 73 95 27 2 97 65 42 42 100 8 66 2 70 36 2 84 91 83
63 34 38 58 11 34 10 64 61 91 38 94 30 28 86 96 46 71 89 36 30 16 2 16 16 23 60 48 48 75 85 52 18 89 64 27 44 49 98 53 41 6 26 58 50 12 24
11 8 77 72 32 90 77 46 7 96 99 41 9 48 51 24 66 25 17 17 70 57 54 60 61 91 22 54 22 44 81 11 19 21 90 64 12 54 77 73 94 70 72 82 6 87 48
85 91 55 28 31 75 38 70 6 29 18 69 14 99 37 92 42 65 54 57 14 30 39 31 91 77 56 100 35 8 28 70 13 8 76 77 27 76 60 78 42 84 62 97 22 72 96
63 83 77 6 10 18 22 35 89 76 79 40 21 40 86 43 88 59 64 16 72 77 39 34 60 49 15 52 37 42 1 65 47 100 78 69 29 92 93 81 34 12 85 70 25 56 21
52 36 42 25 100 33 45 8 56 29 75 98 15 100 93 56 73 29 98 49 95 9 8 27 90 10 46 98 16 82 97 65 52 18 49 15 11 64 74 4 95 34 8 68 39 16 48
74 87 59 49 89 37 96 53 43 56 65 67 83 48 47 93 81 18 96 41 15 30 85 66 50 98 54 68 17 5 64 67 6 87 55 32 95 70 86 40 6 82 44 99 27 29 52
65 70 71 71 14 33 64 96 7 48 61 96 82 95 91 68 62 38 34 96 29 50 99 53 30 84 52 57 2 75 84 17 84 39 5 7 64 64 81 17 2 35 57 74 76 7 72
4 65 2 31 62 86 31 91 22 72 19 27 45 40 95 32 74 76 41 35 68 27 28 81 80 78 93 65 95 84 52 77 96 59 99 58 68 24 1 6 69 37 66 78 52 44 46
53 7 51 63 78 83 74 71 21 2 81 78 81 67 38 16 36 20 17 41 43 92 35 17 36 15 80 47 90 19 19 45 91 12 43 6 68 46 14 58 20 77 9 49 13 98 12
11 72 96 32 11 91 45 74 95 30 34 76 63 89 16 38 31 83 69 34 6 48 51 23 52 30 54 48 11 10 92 45 74 38 28 77 70 85 35 75 2 67 11 18 17 85 85
6 37 60 10 28 42 6 24 17 67 24 94 68 72 35 89 48 97 44 72 87 81 86 6 68 35 55 19 58 57 94 96 74 50 51 43 19 66 11 23 44 75 9 43 30 83 29
57 34 63 100 97 45 53 33 98 54 13 63 77 96 73 78 51 53 83 6 65 13 40 5 70 59 77 49 27 9 36 43 68 55 48 6 85 54 98 42 52 73 45 54 16 19 23
47 21 98 72 47 82 12 29 47 91 20 25 41 89 39 29 73 22 31 82 60 73 39 71 77 6 33 30 20 90 69 43 84 38 62 76 82 88 62 44 70 5 85 98 72 85 2
31 27 88 49 55 88 10 8 32 43 97 45 61 46 30 40 10 22 69 69 47 17 89 68 30 20 68 51 33 58 90 35 60 94 64 7 79 42 59 25 87 27 30 58 18 14 52
13 8 36 16 83 27 54 75 53 14 88 32 49 89 80 94 98 100 69 15 95 91 4 35 42 41 89 39 88 72 35 83 19 92 10 74 67 13 89 85 27 22 75 49 53 83 76
