68
99 47 96 6 50 18 16 68 90 81 74 62 91 20 10 73 16 26 12 7 55 96 8 38 84 58 64 3 97 91 17 100 69 100 28 68 40 46 85 5 62 28 65 61 91 13 41 81 7 52 51 79 49 21 1 40 41 36 43 10 26 44 96 58 57 35 64 92
36 80 8 69 66 17 94 74 80 32 19 19 87 79 14 51 26 27 79 74 2 5 84 86 84 30 39 94 68 69 48 44 48 58 12 74 98 50 38 96 21 8 69 48 1 62 34 17 94 8 51 76 19 92 36 79 87 30 65 8 87 26 1 15 86 32 53 11
6 75 48 58 51 34 69 74 17 27 90 34 1 48 52 94 35 62 22 70 87 80 22 53 29 69 90 64 67 85 48 88 57 45 56 90 2 93 69 54 50 42 34 30 62 93 46 28 80 58 82 37 3 75 51 91 85 35 59 49 7 54 75 93 8 20 75 87
18 90 73 64 78 48 2 62 30 4 93 26 100 90 65 89 96 68 23 71 74 3 64 93 62 67 9 35 100 35 55 77 71 89 47 57 55 61 7 52 29 75 14 84 64 50 98 7 90 98 71 90 61 94 74 20 55 11 47 100 26 99 67 52 76 45 57 39
94 4 36 90 51 86 56 82 92 31 85 65 53 34 17 58 38 32 100 50 47 26 23 57 1 59 52 4 15 35 59 96 95 74 57 63 24 77 64 49 91 5 43 37 49 64 87 73 45 20 67 71 2 50 24 94 60 40 68 25 6 94 35 30 42 6 87 22
80 75 8 27 91 79 35 98 17 71 28 42 10 62 73 36 88 4 38 80 22 74 14 71 37 51 3 59 38 81 12 89 22 32 22 41 2 6 33 87 63 24 85 92 12 75 37 95 73 71 46 29 60 28 70 31 34 86 71 18 9 50 71 15 87 93 2 36
93 9 54 42 29 86 97 97 57 83 80 33 65 88 87 11 2 14 25 59 92 42 37 87 33 6 9 48 51 94 66 34 84 21 29 34 64 78 64 16 27 81 40 67 71 86 33 4 28 22 14 76 42 47 71 65 71 81 20 3 58 90 36 41 47 13 30 67
47 7 15 53 99 38 96 11 8 19 81 74 38 73 85 35 85 94 64 34 43 50 39 98 87 98 56 80 9 2 77 41 68 42 73 96 32 65 76 79 88 63 26 100 15 38 27 86 25 59 69 89 84 94 83 12 92 89 32 86 16 4 67 24 81 6 90 17
40 15 49 85 67 87 20 77 68 54 11 79 2 13 37 74 20 100 43 90 59 28 66 81 66 50 75 84 12 16 10 68 89 80 66 7 97 15 79 51 89 72 49 65 27 49 8 85 57 33 23 78 45 2 89 100 44 73 54 85 54 12 78 17 32 91 51 23
5 98 48 81 22 14 70 91 14 86 90 31 60 60 75 85 10 88 26 27 57 16 3 92 42 53 61 16 77 57 44 43 52 41 67 7 99 72 41 71 13 65 84 2 45 26 24 23 49 90 28 62 31 28 62 35 75 96 24 97 80 89 94 10 70 75 66 57
7 55 46 52 9 86 49 7 48 82 77 65 32 31 43 21 8 68 87 75 92 84 57 8 57 44 65 64 27 89 43 35 15 3 78 46 94 36 41 2 56 53 50 85 25 96 79 68 90 65 11 9 3 86 82 50 3 49 59 13 95 59 53 97 16 35 7 61
91 63 13 60 14 71 72 56 37 92 77 83 91 91 77 95 82 93 47 65 71 41 62 61 13 56 80 83 19 76 84 77 66 40 8 35 14 75 50 19 8 48 32 63 15 57 73 27 77 22 94 19 69 63 37 48 59 72 5 78 91 25 2 34 81 59 70 97
8 46 100 9 18 55 73 18 24 51 68 63 74 81 97 54 85 64 57 10 47 24 35 52 15 23 35 40 41 7 32 64 28 3 55 29 82 90 86 41 24 67 37 93 92 65 20 32 99 4 40 51 94 20 39 22 94 50 66 35 50 93 25 6 62 43 86 17
86 56 89 45 81 2 72 40 54 30 57 60 74 46 84 71 87 91 79 57 85 25 23 92 16 85 73 38 85 33 13 72 84 82 26 84 45 35 73 92 53 21 98 97 63 31 29 39 48 94 49 39 64 44 15 13 50 38 97 60 58 50 1 62 1 84 35 68
17 43 53 36 21 42 26 85 34 70 29 53 71 41 69 66 63 77 25 71 2 100 44 19 29 10 56 18 65 69 86 19 56 21 4 94 54 16 22 43 47 16 82 79 86 67 17 53 98 65 17 35 54 12 22 81 30 36 1 6 39 70 6 75 4 95 24 81
91 32 89 79 10 32 96 47 91 100 7 27 36 95 32 3 95 34 71 57 81 61 33 89 93 10 52 91 23 69 31 85 69 94 63 13 55 19 25 87 54 61 42 70 34 52 89 13 48 21 56 75 57 56 62 64 29 2 11 70 30 89 16 87 33 69 8 13
29 85 3 29 17 22 87 9 68 7 20 95 75 82 36 47 83 66 75 57 88 18 59 30 93 72 79 1 57 77 81 99 37 13 38 99 18 50 37 52 34 94 98 15 38 52 68 33 7 10 72 97 14 17 9 6 68 44 5 44 93 68 69 71 3 59 52 92
7 34 12 91 80 61 46 36 39 56 67 6 93 85 98 76 86 51 92 14 94 5 85 28 59 75 17 46 67 89 79 100 94 89 64 70 73 61 28 22 44 78 45 92 61 55 40 19 54 97 76 54 5 95 24 66 41 28 4 22 92 4 30 78 100 20 70 77
70 22 21 1 61 21 74 96 50 31 67 84 4 87 85 6 43 29 36 36 33 79 62 12 96 19 62 20 76 55 5 84 12 11 80 33 68 17 23 43 86 25 21 60 25 80 40 34 45 27 83 47 61 4 27 49 77 20 74 13 84 77 70 79 24 37 37 78
44 87 87 67 79 30 28 4 77 21 56 51 67 18 5 44 22 34 24 43 92 31 78 13 82 66 60 34 57 47 36 96 68 75 90 90 30 42 56 35 56 17 9 51 80 74 48 66 83 25 40 56 17 53 66 41 67 87 99 34 78 34 34 43 61 84 85 14
86 64 83 72 93 97 40 11 14 2 78 88 82 94 59 98 11 30 7 47 75 32 39 13 38 94 30 43 11 7 83 57 57 41 67 37 90 13 12 24 47 87 30 16 25 77 57 95 56 73 12 84 6 80 61 88 46 30 4 52 9 60 28 86 97 93 11 13
85 8 90 64 80 20 93 21 89 37 43 54 54 6 42 4 35 40 8 28 94 54 81 91 53 18 89 16 51 43 28 16 87 50 92 25 33 34 94 75 54 59 81 99 58 27 31 88 40 8 48 12 98 52 60 46 37 9 96 13 51 27 45 62 72 65 4 41
46 100 73 46 36 54 33 69 76 69 93 18 63 66 14 71 54 17 22 3 30 58 44 56 45 50 30 98 23 66 73 6 78 99 51 38 86 55 57 54 100 47 24 76 89 97 97 51 17 84 57 80 4 45 18 77 5 96 31 75 90 28 4 87 75 19 22 83
62 53 4 89 45 43 90 8 38 99 53 83 92 90 35 63 99 37 68 52 86 84 77 34 27 12 100 72 71 19 97 49 22 97 55 62 77 49 77 92 29 33 30 74 71 86 71 30 91 95 5 41 34 79 71 56 91 41 89 96 15 36 61 100 27 27 48 74
82 66 77 6 24 78 41 86 34 94 90 67 95 38 66 56 75 80 30 17 42 25 32 77 14 77 12 68 77 38 54 43 33 34 60 28 49 11 89 30 13 74 95 85 60 75 85 22 93 68 12 61 43 32 80 82 94 59 61 18 39 51 38 66 22 32 12 65
37 27 75 26 91 99 2 32 6 70 24 77 26 27 92 29 28 56 13 91 65 73 60 76 19 77 90 95 28 49 92 93 88 47 94 18 41 45 72 19 89 46 39 14 93 12 19 95 99 78 75 72 61 16 10 71 23 17 65 27 84 80 41 84 74 18 2 27
88 63 40 24 37 83 13 70 37 91 55 32 29 40 35 70 64 60 86 32 96 30 43 40 11 62 42 46 2 73 83 23 41 46 58 22 9 87 26 67 55 70 39 13 26 74 60 47 78 16 12 81 86 65 37 32 75 3 59 15 17 8 18 27 99 25 86 58
6 83 86 7 59 62 23 41 38 32 42 80 29 4 21 80 76 98 82 77 73 86 96 95 32 70 14 75 81 73 97 2 64 94 93 44 53 22 71 51 12 29 38 33 59 85 24 16 88 24 78 41 12 71 42 90 97 4 39 52 54 6 74 31 87 25 12 12
56 76 56 49 34 65 95 79 34 59 77 48 44 31 54 94 26 55 24 69 64 37 58 92 43 75 14 81 51 47 35 94 46 60 66 34 90 37 25 44 68 34 49 62 37 65 97 30 97 78 50 62 27 94 62 45 92 44 55 92 100 14 80 89 13 51 27 74
41 93 1 70 66 24 50 81 31 95 59 24 98 19 77 6 8 86 71 41 97 15 51 1 81 74 97 79 6 32 85 65 46 76 58 44 83 20 7 57 58 16 84 96 85 31 32 98 72 86 34 62 74 29 30 74 47 68 93 95 24 93 91 75 71 51 56 37
65 52 21 74 53 10 13 86 2 10 91 68 19 86 26 71 26 5 34 17 18 24 41 49 57 31 78 32 82 73 20 7 38 88 38 52 58 17 13 46 12 55 43 14 49 37 51 79 42 32 81 60 86 61 72 69 76 20 89 100 85 23 1 89 51 42 85 71
79 38 17 48 32 42 87 30 2 48 78 48 66 77 39 37 74 24 46 67 8 4 12 7 86 72 47 67 76 31 31 15 29 29 12 8 31 88 31 78 53 18 30 21 90 10 78 47 84 12 51 67 98 71 11 13 25 81 31 8 65 13 22 32 24 1 18 62
99 49 100 85 47 72 31 90 66 11 88 86 78 86 72 14 14 12 99 78 88 34 55 98 29 56 20 3 47 90 83 58 44 56 57 75 100 21 65 95 93 33 68 49 29 62 20 30 7 63 63 27 54 74 54 68 94 68 29 38 88 62 84 97 64 14 14 39
28 38 77 60 60 72 95 2 9 43 68 20 51 65 39 50 78 70 49 67 10 60 95 83 69 62 88 57 5 34 96 3 55 18 6 25 44 59 88 68 93 61 14 77 68 2 36 5 13 41 98 57 10 88 16 80 87 5 63 4 72 69 1 22 69 46 53 10
2 71 15 43 63 38 92 35 7 61 13 78 55 72 12 83 50 49 96 7 38 21 34 48 85 10 44 84 97 98 48 88 17 91 20 83 65 83 22 84 64 39 70 59 64 98 71 41 1 11 17 70 89 98 56 19 52 62 46 42 4 9 50 41 24 8 24 16
52 67 58 22 59 75 20 66 39 84 12 76 61 17 41 11 78 21 77 91 1 29 77 82 58 36 8 6 74 86 30 63 12 48 46 71 27 46 22 21 49 49 2 78 40 20 76 37 11 26 10 26 47 94 84 89 95 94 4 100 76 28 83 78 5 10 61 61
62 3 8 71 67 2 33 57 7 75 4 83 97 40 94 63 92 46 23 47 54 88 81 89 90 14 5 18 90 26 72 78 6 75 63 36 31 79 98 3 14 15 23 23 84 52 61 93 54 80 67 41 13 13 39 55 96 30 98 36 69 95 46 85 24 26 9 64
21 3 12 90 69 79 72 92 88 37 40 90 42 1 95 49 82 58 47 61 58 33 10 50 72 7 39 62 100 63 53 35 51 91 55 4 63 16 4 26 61 96 21 41 83 52 99 89 46 67 95 54 31 26 63 46 4 39 8 73 69 34 72 97 71 14 100 19
10 10 82 57 90 21 91 50 23 86 52 71 89 39 6 96 20 14 95 74 40 93 99 62 57 97 96 30 70 69 82 86 8 56 82 21 4 91 27 69 28 27 33 9 34 34 93 98 17 80 86 84 58 33 27 89 70 78 28 78 5 12 97 73 10 91 88 15
31 14 39 2 19 42 38 14 7 70 2 20 2 78 62 55 36 75 25 66 9 13 16 85 33 18 70 100 87 22 69 37 35 19 26 98 68 4 4 61 2 16 72 70 39 72 93 70 60 93 95 49 86 15 57 27 21 23 55 99 65 66 64 84 83 94 88 23
35 92 82 60 84 39 36 40 79 99 26 75 48 54 100 15 73 99 22 13 99 20 99 18 22 46 29 52 17 82 18 26 32 62 32 54 21 25 89 70 63 35 58 81 88 80 28 50 89 90 28 49 73 25 43 57 24 27 97 34 75 52 67 39 90 12 26 47
16 54 19 48 80 31 24 100 42 52 96 95 79 56 1 77 13 13 25 28 53 13 43 92 34 95 20 43 62 40 17 79 47 27 14 46 7 12 8 40 4 41 19 39 71 68 51 67 96 81 12 27 81 51 23 52 10 96 15 96 88 90 32 22 88 4 51 84
11 45 70 77 76 7 1 16 45 7 30 25 33 16 28 66 66 25 38 5 87 27 62 80 56 15 48 12 20 36 37 67 75 71 51 19 24 4 79 48 5 92 96 85 42 31 30 38 18 64 99 6 84 19 56 86 14 71 80 53 95 64 76 9 34 34 66 38
53 74 84 34 3 52 27 17 73 30 33 53 35 100 62 81 58 61 62 89 57 89 92 14 97 51 65 79 13 89 80 43 38 17 72 89 82 90 74 24 47 40 81 69 99 8 96 17 69 96 99 51 70 42 60 93 86 54 95 94 56 32 63 68 93 22 32 83
67 47 70 70 56 9 15 60 47 5 12 2 81 29 19 75 25 9 69 91 17 52 18 85 59 64 69 18 64 41 43 63 42 7 54 23 28 15 2 48 2 79 34 88 26 19 35 53 46 79 18 41 23 50 19 99 6 97 94 62 68 9 81 25 71 61 14 79
95 87 70 40 42 93 30 59 40 83 18 21 9 43 15 5 36 40 5 66 96 78 44 34 61 22 18 49 10 6 14 2 56 84 44 87 93 83 17 35 94 28 36 67 10 38 49 81 24 73 80 33 22 100 41 4 99 2 87 95 62 81 31 56 16 84 7 63
72 62 18 32 65 55 21 95 32 40 83 63 27 93 45 23 92 27 49 35 10 90 79 43 24 31 88 1 15 91 7 83 83 82 70 98 33 84 62 21 80 96 29 13 84 98 59 50 34 98 42 58 89 57 19 85 40 75 82 65 97 34 85 51 46 34 19 81
10 62 46 81 42 62 8 58 44 77 78 5 64 57 74 39 37 93 53 61 78 42 23 8 74 64 43 15 5 51 59 61 84 94 54 59 94 39 86 90 87 13 86 96 17 61 76 41 26 46 96 100 22 100 2 87 97 59 79 7 51 41 30 19 6 39 60 52
99 31 10 33 97 76 60 79 46 34 61 24 92 57 53 36 43 88 52 60 52 48 21 75 69 51 11 29 37 50 2 6 39 14 33 10 62 26 75 27 96 11 48 84 47 22 58 94 3 22 51 85 61 58 20 51 91 1 98 37 37 2 12 54 16 74 57 79
73 16 64 94 24 69 37 13 2 96 6 79 12 27 22 80 17 2 92 79 41 88 27 85 70 28 48 41 83 74 61 28 92 58 57 17 81 23 4 35 6 24 21 9 3 31 33 3 47 19 13 88 23 16 51 83 4 52 100 93 52 44 70 7 13 51 44 16
66 62 42 10 79 73 24 22 91 5 32 72 53 3 24 88 100 92 28 1 6 53 84 88 14 28 82 73 5 51 13 60 98 50 82 94 41 4 26 1 50 62 8 73 69 42 88 4 17 69 69 49 54 3 42 53 87 72 15 42 71 8 74 63 86 58 37 7
52 100 3 45 70 86 65 25 32 13 1 13 42 38 87 30 54 99 48 59 1 33 25 98 53 28 5 27 90 30 97 42 7 2 23 72 96 68 13 76 50 48 20 5 63 64 48 48 55 25 69 100 81 74 83 58 89 71 42 98 22 87 96 13 36 42 87 81
24 44 50 10 3 74 60 18 84 18 59 7 72 93 34 15 31 64 33 4 97 94 83 78 82 21 82 78 73 39 18 16 38 87 7 7 71 72 69 43 32 49 37 7 91 1 66 56 79 82 71 50 22 4 54 42 57 31 45 83 23 41 73 9 10 77 37 15
37 49 52 47 53 77 13 84 34 8 49 63 72 78 34 74 19 38 43 53 84 26 55 50 94 18 99 4 27 37 30 78 90 66 44 20 13 61 63 70 62 96 63 88 44 44 69 58 11 88 32 57 91 54 60 57 61 95 40 61 35 96 25 44 18 46 77 97
97 6 39 97 67 5 49 99 13 81 4 77 53 37 99 13 22 2 18 90 74 27 100 24 28 57 3 21 17 66 39 94 76 51 6 65 17 97 78 48 20 29 43 42 43 22 15 29 77 34 99 60 79 20 80 85 22 29 94 53 83 94 87 79 44 81 7 35
12 57 79 100 89 67 71 63 11 10 49 97 71 19 18 15 33 38 75 17 87 32 69 49 47 57 64 100 79 19 62 37 23 99 42 37 99 84 15 79 58 54 28 89 14 37 4 31 56 6 42 78 46 89 44 15 15 4 51 89 11 30 72 64 91 91 26 56
52 7 48 98 23 66 40 29 60 3 60 88 75 4 63 37 74 32 16 25 57 42 47 58 26 17 80 13 96 25 8 74 30 41 21 60 80 49 5 21 54 42 34 62 20 3 52 87 64 3 56 49 49 36 20 71 92 62 6 6 50 48 66 81 6 62 94 1
39 27 68 86 27 89 90 93 57 64 17 26 100 79 84 61 5 73 94 41 71 14 19 5 5 36 39 27 72 85 43 93 81 54 4 26 97 81 65 57 19 6 24 76 50 83 61 95 40 66 94 58 69 35 30 97 12 86 23 34 71 2 53 72 90 67 49 58
34 34 10 94 46 6 71 4 1 40 30 21 5 18 35 100 20 93 95 74 97 86 50 80 37 78 55 7 18 33 32 51 63 67 22 8 14 95 17 61 95 89 43 74 21 23 61 57 6 27 15 55 18 15 73 24 84 53 22 96 56 41 12 19 24 8 40 40
98 98 83 45 58 4 28 86 48 30 45 39 96 54 69 30 72 42 44 38 85 6 72 8 98 70 77 64 17 62 80 56 15 31 80 71 39 69 30 57 46 17 54 100 13 98 81 50 26 26 5 46 96 90 7 40 70 90 40 29 90 37 42 61 18 65 52 71
70 73 69 19 79 80 16 14 35 86 87 35 82 52 34 83 29 1 67 90 41 61 44 13 78 16 99 24 57 29 72 89 38 16 7 100 14 42 24 32 56 22 68 69 46 59 62 7 79 37 6 20 11 36 61 94 38 24 70 44 24 42 2 21 85 1 90 64
24 16 61 93 93 51 15 68 59 16 54 86 63 77 90 60 87 23 56 67 14 25 87 52 81 17 73 11 1 9 5 39 13 42 7 47 82 93 97 80 1 43 100 38 86 35 63 72 79 53 23 40 98 58 90 50 22 85 2 51 35 92 84 53 61 11 2 65
11 39 97 22 20 87 55 96 34 68 11 47 29 19 53 41 42 67 68 65 16 7 43 85 19 76 4 98 12 11 19 27 88 22 39 4 68 85 96 12 83 39 36 13 54 64 91 42 77 9 53 28 99 30 39 1 4 64 56 67 49 15 53 33 40 82 95 7
32 96 33 50 99 89 49 58 70 97 55 67 29 76 87 1 11 95 62 8 64 62 5 14 93 59 65 31 52 33 82 76 37 41 37 59 28 93 7 42 33 10 80 56 36 3 92 79 28 66 49 60 89 55 97 33 100 98 74 17 88 98 91 53 11 95 40 33
39 72 41 85 34 90 35 29 27 31 35 86 93 62 27 63 60 30 54 10 62 81 28 40 72 3 62 16 50 23 35 86 89 85 99 11 98 45 50 90 49 43 25 82 60 64 20 67 41 84 79 99 7 11 71 90 44 21 80 71 90 17 41 12 15 1 37 72
25 44 83 60 36 96 52 92 43 71 81 78 16 56 17 54 35 53 8 80 63 27 4 60 66 88 10 89 84 92 92 20 15 43 86 5 42 86 18 38 99 44 89 78 24 23 27 29 81 91 6 71 10 70 74 54 20 76 87 8 6 41 43 43 4 25 5 10
8 84 67 9 19 66 52 37 55 36 77 39 82 4 25 33 53 77 42 61 26 11 75 76 51 37 46 22 64 95 82 40 26 34 90 61 1 78 75 34 87 56 80 68 14 56 90 96 44 13 5 80 33 10 74 19 5 75 42 75 6 49 89 78 44 57 87 47
39 44 21 1 17 83 63 100 21 9 48 94 23 49 34 53 89 52 16 76 9 92 74 15 75 6 88 87 94 13 6 17 2 87 82 54 97 88 62 15 50 76 47 85 49 34 18 79 13 35 22 67 90 67 71 59 55 78 73 81 95 33 4 25 94 52 14 21
